# squared distance, heading (radians)
35.246968,-2.408712
34.781809,-2.464020
34.212963,-2.387827
33.558656,-2.385497
32.537972,-2.438553
31.422252,-2.456553
31.010803,-2.510703
30.479260,-2.541640
30.141983,-2.552412
29.365441,-2.486127
28.992281,-2.561908
27.782508,-2.575285
27.441659,-2.579136
27.076972,-2.637263
26.237484,-2.608858
26.062681,-2.639380
25.025839,-2.659608
25.178828,-2.687436
24.497705,-2.669273
24.226498,-2.755637
23.868597,-2.720017
23.871560,-2.734949
23.267185,-2.744922
22.530412,-2.836621
22.487218,-2.893965
22.057356,-2.879359
21.648929,-2.863372
21.589998,-2.865054
21.378444,-2.878789
21.156591,-2.989473
21.170124,-2.974798
20.033766,-2.933653
20.712054,-2.974528
20.331908,-3.021625
20.695310,-3.088258
20.330184,-3.024310
20.477718,-3.081239
20.703919,-3.092656
20.158534,3.138453
20.109754,3.130400
19.981238,3.085762
20.522148,3.095774
20.819628,3.119501
20.376205,3.084897
20.872250,3.043248
20.616743,3.109947
20.243654,2.968228
20.942156,2.989552
21.041892,2.922645
20.672931,2.919336
21.121270,2.823659
21.796483,2.886270
22.295240,2.895219
22.449551,2.825981
22.399470,2.819547
23.210752,2.804257
23.093397,2.747971
23.369481,2.644978
23.810347,2.734423
24.366185,2.789714
24.865097,2.704918
25.339586,2.728741
25.338165,2.694922
26.205562,2.703723
26.758305,2.598282
27.517532,2.599413
26.997815,2.544436
28.390353,2.560725
28.376927,2.509728
29.381611,2.554348
29.316049,2.557929
30.339858,2.551274
31.191117,2.564258
31.990887,2.489716
32.578008,2.531768
33.207762,2.481652
33.962746,2.546946
34.359110,2.379501
35.331779,2.485605
36.047192,2.366612
36.106160,2.352515
36.664968,2.426197
37.370685,2.361878
37.281818,2.357749
37.379224,2.432035
37.578413,2.397815
37.856952,2.366170
38.116315,2.377608
38.192306,2.348651
38.162601,2.387934
38.434655,2.327917
37.688327,2.399819
37.464297,2.288943
37.028502,2.373778
36.703634,2.287611
36.738604,2.387613
36.680775,2.249736
36.462076,2.212192
35.585896,2.332314
35.264288,2.276510
35.038012,2.310339
34.980565,2.233839
34.679572,2.230612
33.318192,2.290331
33.175736,2.277088
33.011895,2.222706
32.112898,2.299468
31.801342,2.313091
31.175208,2.301230
30.616992,2.285859
29.988641,2.269256
29.499472,2.252600
29.196855,2.235021
29.511179,2.298582
28.822003,2.358219
28.718456,2.293225
28.674215,2.297132
27.377115,2.281078
26.791797,2.263628
25.742735,2.292692
24.635496,2.347780
24.525025,2.327412
24.328649,2.401698
22.804584,2.440170
21.989412,2.351125
21.650762,2.533060
21.127518,2.400048
20.142467,2.454819
20.296292,2.459316
19.277956,2.467469
19.321833,2.499229
18.437699,2.550739
17.994287,2.514774
18.039520,2.575922
17.029554,2.565704
16.415574,2.618328
16.144994,2.646605
15.943212,2.659621
15.641342,2.580418
14.990909,2.664530
15.137563,2.768851
14.032059,2.758946
14.679608,2.787464
14.004025,2.790189
14.134623,2.849975
13.546131,2.757852
13.285125,2.935923
13.165337,2.908158
13.877294,2.958035
12.071436,2.953435
12.821602,3.036405
12.151879,3.006989
11.936740,3.081322
12.056442,3.090823
12.846373,3.052584
12.598888,3.085715
12.192650,3.130316
12.656449,3.097194
12.659399,-3.082725
12.541953,-3.110358
12.318918,-3.061091
12.324578,-2.995911
12.618825,-2.907950
12.850947,-2.954905
13.247888,-2.985291
13.352882,-2.912106
13.993586,-2.801915
13.422843,-2.903638
14.313475,-2.856387
14.016030,-2.808525
14.206288,-2.826230
14.305917,-2.788966
15.048968,-2.658870
14.804634,-2.736466
14.778472,-2.622463
15.909848,-2.609642
16.349783,-2.570187
16.959079,-2.555453
17.463649,-2.552726
18.115325,-2.476151
17.896660,-2.490505
17.951973,-2.575072
18.573823,-2.473920
19.677069,-2.517840
20.474758,-2.520808
20.405827,-2.492699
20.899169,-2.431008
21.860653,-2.443812
22.556207,-2.359231
22.821314,-2.395456
24.501731,-2.377036
24.079110,-2.291571
25.209819,-2.335747
26.041896,-2.315466
26.302232,-2.313450
27.832247,-2.302636
28.183365,-2.259284
28.335993,-2.279463
28.683503,-2.306495
29.663036,-2.260311
29.507967,-2.278147
29.610742,-2.262512
29.791262,-2.288613
29.921508,-2.264809
29.405896,-2.273508
29.933998,-2.171315
30.169397,-2.204996
30.154689,-2.218586
29.734054,-2.228845
30.283869,-2.152810
29.512241,-2.237746
29.635615,-2.135722
30.201924,-2.176722
29.670050,-2.210708
29.092071,-2.152560
28.775139,-2.156422
28.187476,-2.199453
28.937574,-2.144859
27.557769,-2.104935
27.305353,-2.129533
27.439809,-2.164273
26.650065,-2.017676
26.144734,-2.097784
26.438307,-2.100756
25.774358,-2.212504
25.564246,-2.118250
25.013990,-2.094020
23.830790,-2.117746
23.337254,-2.149373
23.492849,-2.139938
22.705203,-2.114244
22.547265,-2.131262
21.712406,-2.090761
21.871823,-2.127380
21.485081,-2.099987
20.807494,-2.201137
20.161512,-2.151392
18.616115,-2.124389
18.453489,-2.154801
18.038648,-2.144865
16.815436,-2.166556
16.018127,-2.270370
15.579718,-2.265948
15.303070,-2.222567
15.102861,-2.311547
14.435423,-2.253784
13.612618,-2.401233
12.772137,-2.280846
12.610314,-2.329337
12.197589,-2.379826
11.752284,-2.454577
11.277173,-2.437660
10.819113,-2.462118
10.341929,-2.470926
10.058883,-2.501757
9.555092,-2.462946
9.334618,-2.517620
8.642471,-2.442213
8.599259,-2.622365
7.747443,-2.578083
8.212743,-2.635360
7.714542,-2.710410
7.533595,-2.788276
7.502093,-2.718911
7.369796,-2.853157
6.876000,-2.788571
6.539304,-2.837899
6.957114,-2.938213
6.862458,-2.938189
6.472520,-3.029834
6.404456,-2.983702
6.077995,-3.068394
6.309565,3.132593
5.935941,-3.073261
6.318193,3.118775
6.218286,3.057920
6.430368,3.056056
6.213386,2.928198
6.228561,2.932734
6.363175,2.827996
6.908627,2.873063
6.948961,2.871125
7.021385,2.819908
7.445502,2.744289
7.072306,2.695211
7.843986,2.655050
7.307863,2.610952
8.210196,2.608728
8.280425,2.602613
8.551160,2.669094
9.072184,2.456828
9.654094,2.523210
9.966598,2.468400
10.009430,2.444220
10.411180,2.438219
11.049608,2.381218
11.571525,2.470615
12.107131,2.371313
12.215163,2.342571
13.174101,2.310408
13.998871,2.263575
13.920404,2.281614
15.218538,2.297328
15.008756,2.229743
16.368214,2.306205
16.369876,2.203218
17.314776,2.169473
17.513420,2.214135
18.338436,2.190207
19.360059,2.138799
19.821184,2.147739
20.776202,2.070423
21.056407,2.175154
21.710853,2.208553
22.822935,2.124833
22.950845,2.086659
23.226069,2.121292
23.488420,2.145080
24.646801,2.092781
24.140410,2.108943
24.188570,2.156666
24.685387,2.059320
24.302816,2.024258
24.787100,2.141128
24.962480,1.979396
24.868515,2.088653
24.980693,1.985999
24.802148,2.025912
24.355103,1.999380
24.762648,2.016332
24.533799,1.967847
23.907415,1.999092
24.127112,1.988457
23.640987,1.959637
23.733632,1.999948
23.494900,2.005187
23.123978,2.010317
22.841605,1.950838
22.661346,1.952838
22.750047,1.951602
21.485252,1.915453
20.880059,1.937827
20.853187,1.889331
20.328228,2.033991
19.926783,1.821574
19.500302,1.856297
19.610938,1.982337
18.703710,1.890247
18.513102,1.920737
17.999272,1.939622
18.536770,1.918177
17.794242,1.857027
16.828596,1.937521
15.526424,1.931104
14.782162,1.932804
14.369750,1.973943
14.332160,1.988718
13.131456,1.997453
12.980876,2.129665
12.004878,1.952858
11.255685,2.065992
10.620530,2.052060
10.017003,2.045175
9.869227,2.037194
9.179725,2.130406
8.769991,2.189621
7.869939,2.136128
7.456353,2.093528
6.880137,2.196177
6.909601,2.257892
6.293344,2.229704
6.011470,2.188774
6.037736,2.257278
5.263948,2.292952
4.896661,2.223456
4.534327,2.339723
4.261421,2.377865
3.993185,2.440495
4.005184,2.479645
3.137757,2.541541
3.567752,2.555194
3.177485,2.691853
2.692919,2.635628
2.503652,2.724470
2.557329,2.791474
2.226325,2.801841
2.470503,2.958985
2.374686,2.945229
2.245324,3.102134
2.713216,3.019421
2.417219,3.137596
1.923989,3.129413
2.619142,-3.016643
2.546391,-2.948431
2.050088,-2.805715
2.521383,-2.796214
2.873197,-2.737565
2.657089,-2.672915
3.098713,-2.689278
2.705179,-2.595861
2.954227,-2.495651
3.619656,-2.509412
3.798511,-2.425390
3.552817,-2.414612
4.569872,-2.374069
4.829486,-2.283096
4.896407,-2.318617
4.535093,-2.314974
5.161781,-2.246370
5.936180,-2.269423
6.565344,-2.254806
6.576813,-2.209652
7.193626,-2.158460
7.587962,-2.161981
7.761609,-2.113140
8.019755,-2.166100
9.133654,-2.085229
9.150317,-2.152250
9.807160,-2.019151
10.717832,-2.038901
11.514637,-2.046672
11.885240,-1.981508
11.635633,-2.033440
13.084730,-2.043239
13.887241,-1.945098
14.297281,-1.991037
15.269556,-1.960947
16.186398,-1.976628
16.321835,-1.967498
17.111099,-1.895050
17.466634,-1.928189
18.755577,-1.865068
19.116126,-1.881414
19.267747,-1.858576
18.986264,-1.890531
20.192592,-1.855026
19.712085,-1.835347
20.870438,-1.889121
20.844988,-1.932095
20.854003,-1.923763
21.110834,-1.813289
21.085046,-1.859557
21.907318,-1.886785
20.806249,-1.804701
21.429756,-1.838720
21.208824,-1.769462
21.069321,-1.800534
21.828557,-1.760960
21.554045,-1.779399
21.048511,-1.814582
21.337679,-1.779477
20.714620,-1.791175
20.465885,-1.686077
20.582363,-1.768171
21.257161,-1.689827
20.192829,-1.757227
19.929885,-1.735068
19.368856,-1.723993
19.443413,-1.785409
19.003697,-1.682302
18.260723,-1.749252
17.808022,-1.725128
17.672393,-1.648265
17.493865,-1.716436
17.135951,-1.668632
16.489490,-1.702723
16.564120,-1.712059
16.666807,-1.689545
15.177872,-1.658991
14.437613,-1.733934
14.042570,-1.750112
13.180184,-1.665230
12.728608,-1.725479
11.911380,-1.693398
11.027235,-1.770419
10.137421,-1.664867
10.166521,-1.770965
9.340645,-1.798249
8.973740,-1.701314
8.110294,-1.766029
7.451727,-1.748789
6.792136,-1.705621
6.740368,-1.743797
5.692402,-1.753962
5.643170,-1.739787
4.589976,-1.828557
5.285813,-1.821819
4.411376,-1.889783
3.192509,-1.837238
3.155896,-1.787100
3.476875,-1.829747
2.637720,-1.903218
2.395351,-1.960601
2.119556,-1.903348
2.331895,-1.892062
1.761203,-1.965952
1.613783,-2.076977
1.600008,-2.123052
0.701522,-2.085605
1.355193,-2.127334
0.597305,-2.256615
0.099830,-2.300709
0.272143,-2.366706
0.262424,-2.424172
0.428168,-2.677896
0.451758,-2.779608
0.300947,-2.981402
0.088938,-3.091803
0.302249,2.932586
0.469693,2.795754
0.283475,2.666375
0.930178,2.429490
1.150704,2.326008
0.574636,2.251027
0.720128,2.118574
1.454910,2.047157
0.764916,2.091853
1.266035,2.064297
1.533599,2.026791
2.129182,1.941406
1.993597,1.908422
1.860064,1.868276
2.249023,1.863616
3.319194,1.814383
2.934550,1.843349
4.060604,1.824273
3.923767,1.774340
4.359872,1.780198
4.339852,1.911986
4.986359,1.786047
5.329653,1.803293
5.804122,1.771479
7.389632,1.777607
7.309460,1.683895
7.557582,1.704840
8.074026,1.696847
8.508891,1.734713
9.473007,1.755163
9.705542,1.754305
11.208499,1.718638
11.083285,1.688033
12.058520,1.702286
12.652235,1.708965
12.878385,1.678492
13.880096,1.715992
14.093074,1.656650
15.690634,1.624391
16.458522,1.640435
16.484856,1.715253
16.750824,1.667057
17.233344,1.700270
17.284403,1.674327
17.954303,1.665342
18.438246,1.669031
18.610694,1.664043
18.964139,1.656853
19.034665,1.703467
19.273889,1.646405
19.234651,1.653896
20.145826,1.666416
19.943782,1.566664
20.220517,1.644869
20.527032,1.665425
20.107689,1.613849
20.190596,1.498143
20.361517,1.546328
20.461007,1.503329
20.194438,1.599185
19.966707,1.585257
20.093266,1.472985
20.442460,1.550097
19.841714,1.513671
19.544701,1.487804
19.509997,1.481788
19.564992,1.516978
18.432832,1.413462
18.393589,1.407633
18.581716,1.396101
18.769817,1.449136
17.495399,1.404809
16.845952,1.449525
16.649015,1.394200
16.869807,1.471457
16.041893,1.431900
16.557617,1.491141
15.547472,1.455086
14.702098,1.448584
13.855073,1.403424
13.129752,1.530852
12.233931,1.457810
11.632332,1.379884
11.178938,1.397089
10.389251,1.487160
9.954379,1.419088
9.137326,1.463735
8.394770,1.434631
8.202299,1.374801
7.294575,1.378275
7.890856,1.412348
6.280952,1.395894
6.729044,1.401628
5.512574,1.262766
4.760245,1.314193
4.269247,1.319336
4.159297,1.316515
3.846103,1.361601
3.324388,1.332691
3.031840,1.284895
3.152634,1.370396
2.574644,1.191850
2.096665,1.208674
1.753851,1.193183
1.689431,1.203736
1.101480,1.107568
1.516540,1.103659
0.694362,0.991061
0.702897,1.042584
0.959880,1.086988
0.702200,0.946966
0.593170,0.827604
0.385104,0.706615
1.515092,0.513423
0.111050,0.374303
0.368538,0.179924
0.460641,0.023867
0.176287,-0.218570
0.207122,-0.404685
0.887884,-0.551460
0.433595,-0.701204
0.444640,-0.832910
0.433114,-0.909523
0.476127,-0.905010
1.032802,-0.974559
1.081760,-1.088091
1.660680,-1.143364
1.699476,-1.111836
1.858272,-1.219784
1.359351,-1.203837
2.065804,-1.274942
2.332333,-1.231184
2.837490,-1.199084
2.611750,-1.246605
3.106754,-1.359553
3.699964,-1.346243
3.991981,-1.302009
4.798466,-1.368127
4.913126,-1.353044
5.103095,-1.331615
6.086050,-1.403830
6.674953,-1.388658
6.977787,-1.393603
6.929924,-1.382645
7.862683,-1.413454
8.353810,-1.405896
8.854310,-1.448886
9.787437,-1.394246
10.717878,-1.324201
11.098662,-1.429503
11.766419,-1.471669
12.828063,-1.397703
12.850436,-1.459988
14.279754,-1.472493
14.412565,-1.466472
15.197449,-1.465003
16.586425,-1.465033
17.047590,-1.474790
16.758498,-1.438140
16.811922,-1.435021
17.443363,-1.442914
18.681082,-1.413276
18.677133,-1.498546
19.036966,-1.386965
18.975146,-1.464988
19.323096,-1.409456
19.810474,-1.389236
19.784587,-1.413231
20.087917,-1.430945
20.038182,-1.403374
20.936973,-1.400044
20.892769,-1.270465
21.120871,-1.362577
21.769240,-1.374720
21.693639,-1.325083
21.241708,-1.382830
20.951586,-1.312829
20.761149,-1.365258
21.440729,-1.302347
21.847154,-1.245486
20.782686,-1.316446
21.129276,-1.229838
21.552186,-1.239659
20.549373,-1.285458
20.675537,-1.195547
19.964311,-1.181275
20.400217,-1.231987
19.743344,-1.219230
19.798119,-1.254457
19.165776,-1.190276
19.009244,-1.226316
19.054195,-1.162164
18.394193,-1.233810
17.820976,-1.235221
17.795944,-1.197851
16.839191,-1.145578
15.894652,-1.155624
15.238712,-1.106105
14.909163,-1.156622
13.817461,-1.132309
13.324897,-1.090651
12.490968,-1.174772
12.237062,-1.081612
11.021911,-1.132136
11.232938,-1.129471
10.346196,-1.131362
9.435444,-1.034299
9.138417,-1.176125
8.055197,-0.994957
8.459978,-1.020128
6.864447,-1.071276
6.752936,-1.002641
6.799715,-0.903957
6.450011,-0.963520
5.724494,-0.934505
5.331047,-0.973820
5.524824,-0.860492
4.908656,-0.813019
4.052730,-0.811949
3.832476,-0.782411
3.506400,-0.660488
3.748754,-0.674737
3.064768,-0.504372
3.135510,-0.482668
2.698548,-0.545730
3.274135,-0.508885
2.904471,-0.454336
2.289736,-0.347269
1.914438,-0.384525
2.553167,-0.179110
2.239828,-0.163322
2.010706,-0.128254
2.522378,-0.023697
2.761402,-0.065015
2.464296,0.097400
2.328919,0.223962
2.653336,0.209065
2.316930,0.195404
2.095647,0.313811
3.182078,0.430885
2.804459,0.429621
2.573594,0.437821
2.584403,0.567766
3.275645,0.605202
3.410175,0.598714
4.215545,0.674864
3.887760,0.724276
4.023349,0.806947
5.098605,0.781498
4.562010,0.837076
4.955987,0.883152
5.559668,0.890882
5.796318,1.012838
6.287656,0.892756
6.182059,1.003004
6.995129,0.930848
7.493703,1.040144
7.602163,0.948607
8.714969,1.066936
8.320021,1.016066
9.398045,1.110992
10.490078,1.065385
10.369327,1.070045
10.607976,1.152712
11.863696,1.129296
13.069510,1.131333
12.869935,1.194782
14.243974,1.233601
14.848450,1.186722
15.062981,1.171826
15.577349,1.201713
17.013785,1.232053
17.407392,1.223075
18.623414,1.239562
18.358887,1.165542
19.273245,1.181093
19.367680,1.204253
19.926928,1.282222
19.708102,1.207218
20.258368,1.209830
20.534630,1.196092
21.447338,1.205062
21.120526,1.231837
22.235366,1.286558
22.668225,1.175538
23.132816,1.246569
23.023424,1.181742
23.221378,1.163725
23.976420,1.166216
23.892257,1.121338
24.079198,1.171446
24.169069,1.175491
24.320114,1.153668
25.002258,1.047755
24.581399,1.075047
24.052769,1.129177
24.649002,1.111922
24.971297,1.084869
24.714582,1.048586
25.112915,1.152480
24.299780,1.127106
24.464184,1.042657
24.408725,1.084749
23.933098,1.044410
23.466504,1.035584
23.031175,1.014734
22.948657,1.076578
23.009473,1.143767
22.625049,1.122625
22.726491,0.955491
21.628378,0.972530
21.725477,1.073792
20.854280,0.995486
20.284241,0.994166
19.398339,0.984805
18.438487,0.991092
17.823907,0.931358
17.878594,1.012338
15.785083,0.915970
15.969206,0.811561
15.104944,0.896287
14.733100,0.884612
13.732026,0.876458
13.228097,0.837949
12.658450,0.763204
12.474412,0.786152
12.167793,0.720956
11.716253,0.764698
11.142466,0.752388
10.732947,0.696261
10.022759,0.665151
9.733392,0.698956
9.420087,0.663668
9.425451,0.583450
9.094957,0.579202
8.014645,0.526781
8.080366,0.477198
7.768122,0.457186
7.352065,0.490692
7.396061,0.451440
7.325141,0.380667
6.902210,0.308328
6.879733,0.394239
6.657615,0.305294
6.912391,0.260637
6.287337,0.172043
6.127667,0.218995
6.468326,0.123822
6.993241,0.092746
6.850562,0.088162
6.225006,-0.055331
6.388912,-0.090370
6.157105,-0.046728
6.010520,-0.109756
6.362070,-0.175525
6.368008,-0.246103
6.630327,-0.273043
7.136061,-0.305136
6.856845,-0.352496
7.588829,-0.374182
6.726602,-0.438047
7.148486,-0.418018
7.269812,-0.434783
7.379843,-0.472283
8.526102,-0.510437
8.763400,-0.597402
8.979805,-0.524011
9.295871,-0.563440
9.705145,-0.639182
10.505677,-0.682128
10.110769,-0.789648
10.800649,-0.679073
11.298444,-0.651620
11.062931,-0.715568
12.478985,-0.753875
12.403446,-0.844110
12.894937,-0.851016
13.210685,-0.849381
14.030202,-0.816184
14.799591,-0.797180
15.258112,-0.848225
15.513245,-0.934814
16.518796,-0.832625
17.072414,-0.819712
17.404243,-0.863553
19.075304,-0.982757
18.798572,-1.026108
19.993781,-0.965406
21.141496,-0.953196
21.777982,-1.028928
22.544613,-0.996433
21.815337,-1.007683
22.643638,-1.054388
22.678076,-1.076585
23.670877,-1.026752
24.172501,-0.980928
25.047194,-1.040754
25.023024,-0.976071
25.688164,-1.014619
25.267751,-1.040775
26.650274,-1.015339
26.560668,-1.012006
27.540443,-0.997403
27.188920,-1.065374
28.342222,-0.997357
28.330374,-1.049104
28.624415,-0.956951
29.302959,-0.940079
29.125599,-1.018594
29.691381,-1.021220
29.778787,-1.014796
30.159625,-0.942948
30.839664,-0.972702
29.943451,-0.928125
30.692695,-0.906360
30.171020,-0.881133
30.089311,-0.974714
30.337664,-0.928764
30.143183,-0.872929
29.685668,-0.812557
29.820024,-0.918244
29.681373,-0.944950
29.493514,-0.826455
28.787002,-0.895033
29.047370,-0.841112
28.415347,-0.894094
28.210309,-0.874851
